{
  "epsilon_results": {
    "f1": 0.6313682037204018,
    "precision": 0.46131803835764934,
    "recall": 0.9999999378882026,
    "TP": 161.0,
    "TN": 18534.0,
    "FP": 188.0,
    "FN": 0.0,
    "threshold": 0.202964982483536,
    "latency": 4.999500049995,
    "reg_level": 1.0
  },
  "pot_result": {
    "f1": 0.03796684829603641,
    "precision": 0.01935096151520317,
    "recall": 0.9999999378882026,
    "TP": 161.0,
    "TN": 15283.0,
    "FP": 8159.0,
    "FN": 0.0,
    "threshold": 0.1366562351206228,
    "latency": 0.0
  },
  "bf_result": {
    "f1": 0.9999949379132026,
    "precision": 0.9999999378882026,
    "recall": 0.9999999378882026,
    "TP": 161.0,
    "TN": 23442.0,
    "FP": 0.0,
    "FN": 0.0,
    "threshold": 0.2595,
    "latency": 4.999500049995
  }
}