{
  "epsilon_results": {
    "f1": 0.0940917807663277,
    "precision": 0.049368967985580985,
    "recall": 0.9999999624060165,
    "TP": 266.0,
    "TN": 13484.0,
    "FP": 5122.0,
    "FN": 0.0,
    "threshold": 0.04145140992477536,
    "latency": 1.8888679014677616,
    "reg_level": 0.0
  },
  "pot_result": {
    "f1": 0.9511227844544548,
    "precision": 0.9619771497347093,
    "recall": 0.9405204111330703,
    "TP": 253.0,
    "TN": 23310.0,
    "FP": 10.0,
    "FN": 16.0,
    "threshold": 0.13585767352291805,
    "latency": 2.5713918372594677
  },
  "bf_result": {
    "f1": 0.9521938204986308,
    "precision": 0.9803149220348456,
    "recall": 0.9256505232100178,
    "TP": 249.0,
    "TN": 23315.0,
    "FP": 5.0,
    "FN": 20.0,
    "threshold": 0.1597,
    "latency": 2.9999500008333198
  }
}