{
  "pred_args": {
    "model_name": "23032021_213948",
    "target_dims": [
      0
    ],
    "level": 0.99,
    "q": 0.001,
    "use_mov_av": false,
    "gamma": 1,
    "save_path": "output/MSL"
  },
  "pot_result": {
    "f1": 0.9060187838333649,
    "precision": 0.9095509980410706,
    "recall": 0.9025238206251304,
    "TP": 7009.0,
    "TN": 65166.0,
    "FP": 697.0,
    "FN": 757.0,
    "threshold": 1.359734486050769,
    "latency": 35.33321555594815
  },
  "bf_result": {
    "f1": 0.9210810187184575,
    "precision": 0.9077269305979908,
    "recall": 0.9348441914307956,
    "TP": 7260.0,
    "TN": 65125.0,
    "FP": 738.0,
    "FN": 506.0,
    "threshold": 1.3179999999999998,
    "latency": 40.74180405869659
  }
}