{
  "pred_args": {
    "model_name": "17032021_042906",
    "target_dims": null,
    "level": 0.9925,
    "q": 0.001,
    "use_mov_av": false,
    "gamma": 1,
    "save_path": "output/SMD/2-7"
  },
  "pot_result": {
    "f1": 0.8725096025182734,
    "precision": 0.8515981540731016,
    "recall": 0.894484391019559,
    "TP": 373.0,
    "TN": 23114.0,
    "FP": 65.0,
    "FN": 44.0,
    "threshold": 0.08490894849976317,
    "latency": 0.35714030614067044
  },
  "bf_result": {
    "f1": 0.8683602277812459,
    "precision": 0.7790476042086171,
    "recall": 0.9808153242010714,
    "TP": 409.0,
    "TN": 23063.0,
    "FP": 116.0,
    "FN": 8.0,
    "threshold": 0.0599,
    "latency": 0.3333314814917695
  }
}