{
  "epsilon_results": {
    "f1": 0.8885685042744624,
    "precision": 0.9984050877447355,
    "recall": 0.8005114987146867,
    "TP": 626.0,
    "TN": 18100.0,
    "FP": 1.0,
    "FN": 156.0,
    "threshold": 0.13556230813264847,
    "latency": 60.665655572407125,
    "reg_level": 1.0
  },
  "pot_result": {
    "f1": 0.33434990996334085,
    "precision": 0.999999939024394,
    "recall": 0.2007343916678777,
    "TP": 164.0,
    "TN": 22786.0,
    "FP": 0.0,
    "FN": 653.0,
    "threshold": 0.1739759496892807,
    "latency": 20.999300023332555
  },
  "bf_result": {
    "f1": 0.94556073769723,
    "precision": 0.9449877635087071,
    "recall": 0.9461444192638382,
    "TP": 773.0,
    "TN": 22741.0,
    "FP": 45.0,
    "FN": 44.0,
    "threshold": 0.10980000000000001,
    "latency": 24.27250661357624
  }
}