{
  "epsilon_results": {
    "f1": 0.029920803680144083,
    "precision": 0.0151877665503092,
    "recall": 0.999999931506854,
    "TP": 146.0,
    "TN": 13267.0,
    "FP": 9467.0,
    "FN": 0.0,
    "threshold": 0.14108343701809645,
    "latency": 0.0,
    "reg_level": 1.0
  },
  "pot_result": {
    "f1": 0.021308769380987327,
    "precision": 0.010769230765465303,
    "recall": 0.9999999675324687,
    "TP": 308.0,
    "TN": 0.0,
    "FP": 28292.0,
    "FN": 0.0,
    "threshold": -0.06661940711627855,
    "latency": 0.0
  },
  "bf_result": {
    "f1": 0.7003744938078562,
    "precision": 0.5734989529296284,
    "recall": 0.899350620150954,
    "TP": 277.0,
    "TN": 28086.0,
    "FP": 206.0,
    "FN": 31.0,
    "threshold": 0.2096,
    "latency": 37.33208893036898
  }
}