{
  "pred_args": {
    "model_name": "17032021_055608",
    "target_dims": null,
    "level": 0.9999,
    "q": 1e-05,
    "use_mov_av": false,
    "gamma": 1,
    "save_path": "output/SMD/3-4"
  },
  "pot_result": {
    "f1": 0.9689390900225368,
    "precision": 0.9801047017790084,
    "recall": 0.9580347906035334,
    "TP": 936.0,
    "TN": 22591.0,
    "FP": 19.0,
    "FN": 41.0,
    "threshold": 0.18074157960494122,
    "latency": 11.285553063527665
  },
  "bf_result": {
    "f1": 0.9775406837959788,
    "precision": 0.9978677931997038,
    "recall": 0.9580347906035334,
    "TP": 936.0,
    "TN": 22608.0,
    "FP": 2.0,
    "FN": 41.0,
    "threshold": 0.2096,
    "latency": 12.856959186297338
  }
}