{
  "epsilon_results": {
    "f1": 0.15243761387741428,
    "precision": 0.08250825014432137,
    "recall": 0.9999999000000099,
    "TP": 100.0,
    "TN": 17673.0,
    "FP": 1112.0,
    "FN": 0.0,
    "threshold": 0.20623540645465255,
    "latency": 2.1428265310495567,
    "reg_level": 1.0
  },
  "pot_result": {
    "f1": 0.046521992465898235,
    "precision": 0.02381519403711552,
    "recall": 0.9999999000000099,
    "TP": 100.0,
    "TN": 19407.0,
    "FP": 4099.0,
    "FN": 0.0,
    "threshold": 0.1427300350163294,
    "latency": 1.2856959186297339
  },
  "bf_result": {
    "f1": 0.6583803048057756,
    "precision": 0.8688523165815873,
    "recall": 0.5299999470000053,
    "TP": 53.0,
    "TN": 23498.0,
    "FP": 8.0,
    "FN": 47.0,
    "threshold": 0.3094,
    "latency": 3.4999125021874455
  }
}