{
  "pred_args": {
    "model_name": "17032021_024657",
    "target_dims": null,
    "level": 0.995,
    "q": 0.001,
    "use_mov_av": false,
    "gamma": 1,
    "save_path": "output/SMD/1-8"
  },
  "pot_result": {
    "f1": 0.7100197650106982,
    "precision": 0.5663026476887469,
    "recall": 0.9515071959173369,
    "TP": 726.0,
    "TN": 22280.0,
    "FP": 556.0,
    "FN": 37.0,
    "threshold": 0.08768305945294232,
    "latency": 2.3845970415612188
  },
  "bf_result": {
    "f1": 0.5390832335899608,
    "precision": 0.7118279416811196,
    "recall": 0.4338138868438547,
    "TP": 331.0,
    "TN": 22702.0,
    "FP": 134.0,
    "FN": 432.0,
    "threshold": 0.10980000000000001,
    "latency": 2.4285367351894975
  }
}