{
  "pred_args": {
    "model_name": "17032021_035857",
    "target_dims": null,
    "level": 0.9925,
    "q": 0.001,
    "use_mov_av": false,
    "gamma": 1,
    "save_path": "output/SMD/2-5"
  },
  "pot_result": {
    "f1": 0.8972974313795608,
    "precision": 0.8367166739919093,
    "recall": 0.9673469289046231,
    "TP": 948.0,
    "TN": 22424.0,
    "FP": 185.0,
    "FN": 32.0,
    "threshold": 0.06916354127518974,
    "latency": 2.3888756173576815
  },
  "bf_result": {
    "f1": 0.9095077935466682,
    "precision": 0.8340425460932549,
    "recall": 0.9999999897959185,
    "TP": 980.0,
    "TN": 22414.0,
    "FP": 195.0,
    "FN": 0.0,
    "threshold": 0.0599,
    "latency": 1.9523716553730697
  }
}