{
  "epsilon_results": {
    "f1": 0.8767555375582134,
    "precision": 0.8498293225314225,
    "recall": 0.905454512528927,
    "TP": 249.0,
    "TN": 18554.0,
    "FP": 44.0,
    "FN": 26.0,
    "threshold": 0.26958595030009747,
    "latency": 44.99775011249437,
    "reg_level": 1.0
  },
  "pot_result": {
    "f1": 0.0997359378297975,
    "precision": 0.052545362837014414,
    "recall": 0.9788732164583752,
    "TP": 417.0,
    "TN": 15646.0,
    "FP": 7519.0,
    "FN": 9.0,
    "threshold": 0.1317883994649395,
    "latency": 8.249896876289046
  },
  "bf_result": {
    "f1": 0.8199397377530782,
    "precision": 0.9999999662162175,
    "recall": 0.6948356644404774,
    "TP": 296.0,
    "TN": 23165.0,
    "FP": 0.0,
    "FN": 130.0,
    "threshold": 0.3094,
    "latency": 32.49837508124593
  }
}