{
  "epsilon_results": {
    "f1": 0.9753934737306069,
    "precision": 0.9578087752371256,
    "recall": 0.9936463078233451,
    "TP": 2815.0,
    "TN": 15923.0,
    "FP": 124.0,
    "FN": 18.0,
    "threshold": 0.27098594047129154,
    "latency": 9.777669137009589,
    "reg_level": 1.0
  },
  "pot_result": {
    "f1": 0.661756841242143,
    "precision": 0.4945016573669023,
    "recall": 0.9999999964701729,
    "TP": 2833.0,
    "TN": 17871.0,
    "FP": 2896.0,
    "FN": 0.0,
    "threshold": 0.17158173657295558,
    "latency": 0.454541322351615
  },
  "bf_result": {
    "f1": 0.9555464939180246,
    "precision": 0.9916476803658022,
    "recall": 0.9219908191952317,
    "TP": 2612.0,
    "TN": 20745.0,
    "FP": 22.0,
    "FN": 221.0,
    "threshold": 0.3094,
    "latency": 23.85680204568506
  }
}