{
  "epsilon_results": {
    "f1": 0.9206793025768999,
    "precision": 0.9899665386293222,
    "recall": 0.8604651037723096,
    "TP": 592.0,
    "TN": 20553.0,
    "FP": 6.0,
    "FN": 96.0,
    "threshold": 0.15665055066347122,
    "latency": 26.624667191660105,
    "reg_level": 1.0
  },
  "pot_result": {
    "f1": 0.3138146771168983,
    "precision": 0.9999999253731399,
    "recall": 0.1861111085262346,
    "TP": 134.0,
    "TN": 22887.0,
    "FP": 0.0,
    "FN": 586.0,
    "threshold": 0.2544941210655436,
    "latency": 24.99875006249687
  },
  "bf_result": {
    "f1": 0.6824599526811652,
    "precision": 0.5179856077842762,
    "recall": 0.9999999861111113,
    "TP": 720.0,
    "TN": 22217.0,
    "FP": 670.0,
    "FN": 0.0,
    "threshold": 0.10980000000000001,
    "latency": 4.083299305839118
  }
}