{
  "epsilon_results": {
    "f1": 0.9117401841977402,
    "precision": 0.9475861938263973,
    "recall": 0.8785166128066929,
    "TP": 687.0,
    "TN": 18063.0,
    "FP": 38.0,
    "FN": 95.0,
    "threshold": 0.12228216463699937,
    "latency": 55.14206939900859,
    "reg_level": 1.0
  },
  "pot_result": {
    "f1": 0.38377532826890354,
    "precision": 0.9999999484536108,
    "recall": 0.23745409746078217,
    "TP": 194.0,
    "TN": 22786.0,
    "FP": 0.0,
    "FN": 623.0,
    "threshold": 0.16726328553558825,
    "latency": 19.24951876203095
  },
  "bf_result": {
    "f1": 0.9270022882045762,
    "precision": 0.921402649076147,
    "recall": 0.9326805271397732,
    "TP": 762.0,
    "TN": 22721.0,
    "FP": 65.0,
    "FN": 55.0,
    "threshold": 0.10980000000000001,
    "latency": 19.59980400195998
  }
}