{
  "epsilon_results": {
    "f1": 0.9503560141554539,
    "precision": 0.9990512239179201,
    "recall": 0.9061962056265387,
    "TP": 1053.0,
    "TN": 17715.0,
    "FP": 1.0,
    "FN": 109.0,
    "threshold": 0.20589335542172194,
    "latency": 16.399672006559868,
    "reg_level": 1.0
  },
  "pot_result": {
    "f1": 0.9719255760680561,
    "precision": 0.9995592728093464,
    "recall": 0.9457881528532603,
    "TP": 2268.0,
    "TN": 21198.0,
    "FP": 1.0,
    "FN": 130.0,
    "threshold": 0.18601663553727874,
    "latency": 45.33257779037016
  },
  "bf_result": {
    "f1": 0.9917134226675082,
    "precision": 0.984786180161241,
    "recall": 0.998748953299629,
    "TP": 2395.0,
    "TN": 21162.0,
    "FP": 37.0,
    "FN": 3.0,
    "threshold": 0.10980000000000001,
    "latency": 6.6666111115740705
  }
}