{
  "pred_args": {
    "model_name": "17032021_034448",
    "target_dims": null,
    "level": 0.9925,
    "q": 0.001,
    "use_mov_av": false,
    "gamma": 1,
    "save_path": "output/SMD/2-4"
  },
  "pot_result": {
    "f1": 0.8039892948806491,
    "precision": 0.7780231873107499,
    "recall": 0.8317591450309377,
    "TP": 1409.0,
    "TN": 21493.0,
    "FP": 402.0,
    "FN": 285.0,
    "threshold": 0.06443699294008289,
    "latency": 2.3333203704423866
  },
  "bf_result": {
    "f1": 0.7396276034223156,
    "precision": 0.6658790138663562,
    "recall": 0.8317591450309377,
    "TP": 1409.0,
    "TN": 21188.0,
    "FP": 707.0,
    "FN": 285.0,
    "threshold": 0.0599,
    "latency": 1.944433642035322
  }
}