{
  "epsilon_results": {
    "f1": 0.883404859091977,
    "precision": 0.8259963202624202,
    "recall": 0.9494009852721621,
    "TP": 6736.0,
    "TN": 57753.0,
    "FP": 1419.0,
    "FN": 359.0,
    "threshold": 1.0601362437009811,
    "latency": 34.2591323735838,
    "reg_level": 0.0
  },
  "pot_result": {
    "f1": 0.34228968627652684,
    "precision": 0.9781420705638004,
    "recall": 0.20744269867699885,
    "TP": 1611.0,
    "TN": 65827.0,
    "FP": 36.0,
    "FN": 6155.0,
    "threshold": 3.334917523126976,
    "latency": 49.39901201975961
  },
  "bf_result": {
    "f1": 0.9171827967483734,
    "precision": 0.900185987724506,
    "recall": 0.9348441914307956,
    "TP": 7260.0,
    "TN": 65058.0,
    "FP": 805.0,
    "FN": 506.0,
    "threshold": 1.7066000000000012,
    "latency": 38.677294589372295
  }
}