{
  "pred_args": {
    "model_name": "17032021_010924",
    "target_dims": null,
    "level": 0.995,
    "q": 0.0001,
    "use_mov_av": false,
    "gamma": 1,
    "save_path": "output/smd/1-1"
  },
  "pot_result": {
    "f1": 0.9028100576310844,
    "precision": 0.8228466682258806,
    "recall": 0.9999999962880475,
    "TP": 2694.0,
    "TN": 25105.0,
    "FP": 580.0,
    "FN": 0.0,
    "threshold": 0.06431315668483498,
    "latency": 3.374957813027337
  },
  "bf_result": {
    "f1": 0.9946375237059875,
    "precision": 0.9900698749905483,
    "recall": 0.9992576057934015,
    "TP": 2692.0,
    "TN": 25658.0,
    "FP": 27.0,
    "FN": 2.0,
    "threshold": 0.1597,
    "latency": 17.714032656676334
  }
}