{
  "epsilon_results": {
    "f1": 0.01396981629247603,
    "precision": 0.0070341106152273505,
    "recall": 0.999999931506854,
    "TP": 146.0,
    "TN": 2135.0,
    "FP": 20610.0,
    "FN": 0.0,
    "threshold": 0.14852827228605747,
    "latency": 0.0,
    "reg_level": 1.0
  },
  "pot_result": {
    "f1": 0.020957048109713772,
    "precision": 0.010589592139730335,
    "recall": 0.9999999669967008,
    "TP": 303.0,
    "TN": 0.0,
    "FP": 28310.0,
    "FN": 0.0,
    "threshold": 0.022334243657315643,
    "latency": 0.0
  },
  "bf_result": {
    "f1": 0.9444394252409299,
    "precision": 0.9963369598411371,
    "recall": 0.8976897393501737,
    "TP": 272.0,
    "TN": 28309.0,
    "FP": 1.0,
    "FN": 31.0,
    "threshold": 0.3094,
    "latency": 27.66574447518416
  }
}