{
  "pred_args": {
    "model_name": "17032021_021942",
    "target_dims": null,
    "level": 0.995,
    "q": 1e-05,
    "use_mov_av": false,
    "gamma": 1,
    "save_path": "output/smd/1-6"
  },
  "pot_result": {
    "f1": 0.9881383549513824,
    "precision": 0.9873451777400506,
    "recall": 0.9889428236544152,
    "TP": 3667.0,
    "TN": 19834.0,
    "FP": 47.0,
    "FN": 41.0,
    "threshold": 0.1824165688821927,
    "latency": 5.318157644737979
  },
  "bf_result": {
    "f1": 0.9866325763617619,
    "precision": 0.9977937093276511,
    "recall": 0.9757281527083922,
    "TP": 3618.0,
    "TN": 19873.0,
    "FP": 8.0,
    "FN": 90.0,
    "threshold": 0.2096,
    "latency": 9.333255556203698
  }
}