{
  "pred_args": {
    "model_name": "17032021_023323",
    "target_dims": null,
    "level": 0.995,
    "q": 0.001,
    "use_mov_av": false,
    "gamma": 1,
    "save_path": "output/smd/1-7"
  },
  "pot_result": {
    "f1": 0.9937135889163606,
    "precision": 0.9978973885706585,
    "recall": 0.9895746414112816,
    "TP": 2373.0,
    "TN": 21194.0,
    "FP": 5.0,
    "FN": 25.0,
    "threshold": 0.1493014002328286,
    "latency": 92.99896667814802
  },
  "bf_result": {
    "f1": 0.994580585228337,
    "precision": 0.9933444218246903,
    "recall": 0.9958298540624275,
    "TP": 2388.0,
    "TN": 21183.0,
    "FP": 16.0,
    "FN": 10.0,
    "threshold": 0.10980000000000001,
    "latency": 84.09915900840991
  }
}