{
  "epsilon_results": {
    "f1": 0.587458467687118,
    "precision": 0.9742574064503484,
    "recall": 0.42051281691869385,
    "TP": 492.0,
    "TN": 17693.0,
    "FP": 13.0,
    "FN": 678.0,
    "threshold": 0.24845110811293125,
    "latency": 18.199636007279857,
    "reg_level": 1.0
  },
  "pot_result": {
    "f1": 0.8723827283356551,
    "precision": 0.90917515376112,
    "recall": 0.8384615312952006,
    "TP": 981.0,
    "TN": 22326.0,
    "FP": 98.0,
    "FN": 189.0,
    "threshold": 0.18407389154946446,
    "latency": 15.499806252421845
  },
  "bf_result": {
    "f1": 0.8957353707291473,
    "precision": 0.8525096459265664,
    "recall": 0.9435897355248741,
    "TP": 1104.0,
    "TN": 22233.0,
    "FP": 191.0,
    "FN": 66.0,
    "threshold": 0.1597,
    "latency": 18.090744629594276
  }
}