{
  "epsilon_results": {
    "f1": 0.0915677504165299,
    "precision": 0.048126232678335004,
    "recall": 0.9408740118027247,
    "TP": 366.0,
    "TN": 15287.0,
    "FP": 7239.0,
    "FN": 23.0,
    "threshold": 0.16422398947179317,
    "latency": 19.499675005416577,
    "reg_level": 1.0
  },
  "pot_result": {
    "f1": 0.03986234608668347,
    "precision": 0.020336706786734757,
    "recall": 0.999999976415095,
    "TP": 424.0,
    "TN": 7794.0,
    "FP": 20425.0,
    "FN": 0.0,
    "threshold": 0.11371758354645385,
    "latency": 3.374957813027337
  },
  "bf_result": {
    "f1": 0.7610824729679594,
    "precision": 0.9672726920991749,
    "recall": 0.6273584757698473,
    "TP": 266.0,
    "TN": 28210.0,
    "FP": 9.0,
    "FN": 158.0,
    "threshold": 0.2595,
    "latency": 13.399732005359894
  }
}