{
  "epsilon_results": {
    "f1": 0.9968989631130046,
    "precision": 0.9938270991464754,
    "recall": 0.9999999378882026,
    "TP": 161.0,
    "TN": 18721.0,
    "FP": 1.0,
    "FN": 0.0,
    "threshold": 0.21565696503967047,
    "latency": 4.999500049995,
    "reg_level": 1.0
  },
  "pot_result": {
    "f1": 0.038479546034161816,
    "precision": 0.01961739975677178,
    "recall": 0.9999999378882026,
    "TP": 161.0,
    "TN": 15396.0,
    "FP": 8046.0,
    "FN": 0.0,
    "threshold": 0.14109697801686943,
    "latency": 0.0
  },
  "bf_result": {
    "f1": 0.9999949379132026,
    "precision": 0.9999999378882026,
    "recall": 0.9999999378882026,
    "TP": 161.0,
    "TN": 23442.0,
    "FP": 0.0,
    "FN": 0.0,
    "threshold": 0.2595,
    "latency": 4.999500049995
  }
}