{
  "epsilon_results": {
    "f1": 0.8711384360507658,
    "precision": 0.7754442524160864,
    "recall": 0.993788799300439,
    "TP": 480.0,
    "TN": 18254.0,
    "FP": 139.0,
    "FN": 3.0,
    "threshold": 0.12779379077255726,
    "latency": 5.624929688378895,
    "reg_level": 0.0
  },
  "pot_result": {
    "f1": 0.8393185559153369,
    "precision": 0.9826732430031376,
    "recall": 0.732472311208998,
    "TP": 397.0,
    "TN": 23045.0,
    "FP": 7.0,
    "FN": 145.0,
    "threshold": 0.232435038826392,
    "latency": 30.666155564073932
  },
  "bf_result": {
    "f1": 0.866414279099901,
    "precision": 0.871268640461406,
    "recall": 0.8616236003390481,
    "TP": 467.0,
    "TN": 22983.0,
    "FP": 69.0,
    "FN": 75.0,
    "threshold": 0.1597,
    "latency": 9.499881251484357
  }
}