{
  "pred_args": {
    "model_name": "17032021_041234",
    "target_dims": null,
    "level": 0.9925,
    "q": 1e-07,
    "use_mov_av": false,
    "gamma": 1,
    "save_path": "output/SMD/2-6"
  },
  "pot_result": {
    "f1": 0.9218522916458718,
    "precision": 0.8867102203331108,
    "recall": 0.9599056377380747,
    "TP": 407.0,
    "TN": 28167.0,
    "FP": 52.0,
    "FN": 17.0,
    "threshold": 0.10707342972348528,
    "latency": 16.28548163597663
  },
  "bf_result": {
    "f1": 0.9313450975557138,
    "precision": 0.9044444243456795,
    "recall": 0.9599056377380747,
    "TP": 407.0,
    "TN": 28176.0,
    "FP": 43.0,
    "FN": 17.0,
    "threshold": 0.10980000000000001,
    "latency": 16.28548163597663
  }
}