{
  "epsilon_results": {
    "f1": 0.4929785200989638,
    "precision": 0.3369304515955581,
    "recall": 0.918300623584947,
    "TP": 281.0,
    "TN": 18021.0,
    "FP": 553.0,
    "FN": 25.0,
    "threshold": 0.16201556148007512,
    "latency": 2.285681633119527,
    "reg_level": 1.0
  },
  "pot_result": {
    "f1": 0.33466384907355384,
    "precision": 0.20149852769200285,
    "recall": 0.986893827170461,
    "TP": 753.0,
    "TN": 19852.0,
    "FP": 2984.0,
    "FN": 10.0,
    "threshold": 0.12484462449770345,
    "latency": 1.5882259516120494
  },
  "bf_result": {
    "f1": 0.6356408422244736,
    "precision": 0.47788778562450307,
    "recall": 0.948885963972661,
    "TP": 724.0,
    "TN": 22045.0,
    "FP": 791.0,
    "FN": 39.0,
    "threshold": 0.1597,
    "latency": 2.999972727520659
  }
}