{
  "pred_args": {
    "model_name": "17032021_063934",
    "target_dims": null,
    "level": 0.9999,
    "q": 1e-05,
    "use_mov_av": false,
    "gamma": 1,
    "save_path": "output/SMD/3-7"
  },
  "pot_result": {
    "f1": 0.8348944427651404,
    "precision": 0.9999999678456603,
    "recall": 0.7165898452398654,
    "TP": 311.0,
    "TN": 28171.0,
    "FP": 0.0,
    "FN": 123.0,
    "threshold": 0.2144274403133998,
    "latency": 71.99280071992801
  },
  "bf_result": {
    "f1": 0.8498418293744446,
    "precision": 0.7633027382880232,
    "recall": 0.958525323536283,
    "TP": 416.0,
    "TN": 28042.0,
    "FP": 129.0,
    "FN": 18.0,
    "threshold": 0.1597,
    "latency": 8.99977500562486
  }
}