{
  "epsilon_results": {
    "f1": 0.6639953378813565,
    "precision": 0.5242105152797787,
    "recall": 0.905454512528927,
    "TP": 249.0,
    "TN": 18372.0,
    "FP": 226.0,
    "FN": 26.0,
    "threshold": 0.27757732570171356,
    "latency": 45.49772511374431,
    "reg_level": 1.0
  },
  "pot_result": {
    "f1": 0.03547452348317753,
    "precision": 0.018057733873910502,
    "recall": 0.9999999765258222,
    "TP": 426.0,
    "TN": 0.0,
    "FP": 23165.0,
    "FN": 0.0,
    "threshold": 0.028803543915084048,
    "latency": 0.0
  },
  "bf_result": {
    "f1": 0.769825987541887,
    "precision": 0.8629737357733606,
    "recall": 0.6948356644404774,
    "TP": 296.0,
    "TN": 23118.0,
    "FP": 47.0,
    "FN": 130.0,
    "threshold": 0.3094,
    "latency": 32.49837508124593
  }
}