{
  "epsilon_results": {
    "f1": 0.013052717055369914,
    "precision": 0.0067468465627842575,
    "recall": 0.19999998260869717,
    "TP": 23.0,
    "TN": 15369.0,
    "FP": 3386.0,
    "FN": 92.0,
    "threshold": 0.22594371438026428,
    "latency": 0.0,
    "reg_level": 1.0
  },
  "pot_result": {
    "f1": 0.07985537777503557,
    "precision": 0.04158862589750186,
    "recall": 0.9999999897645856,
    "TP": 977.0,
    "TN": 95.0,
    "FP": 22515.0,
    "FN": 0.0,
    "threshold": 0.07875320224536851,
    "latency": 0.0
  },
  "bf_result": {
    "f1": 0.884134521639828,
    "precision": 0.9812733959890962,
    "recall": 0.8045035741606594,
    "TP": 786.0,
    "TN": 22595.0,
    "FP": 15.0,
    "FN": 191.0,
    "threshold": 0.3593,
    "latency": 7.999200079992001
  }
}