{
  "epsilon_results": {
    "f1": 0.9029075999428496,
    "precision": 0.8942307477348378,
    "recall": 0.9117646835351794,
    "TP": 372.0,
    "TN": 18425.0,
    "FP": 44.0,
    "FN": 36.0,
    "threshold": 0.1410872144624591,
    "latency": 1.0714209184220114,
    "reg_level": 1.0
  },
  "pot_result": {
    "f1": 0.8414458519333712,
    "precision": 0.740875898889126,
    "recall": 0.9736210797692787,
    "TP": 406.0,
    "TN": 23037.0,
    "FP": 142.0,
    "FN": 11.0,
    "threshold": 0.1279208582297257,
    "latency": 1.1764636678607774
  },
  "bf_result": {
    "f1": 0.8966325941137998,
    "precision": 0.9326424628849104,
    "recall": 0.863309331815124,
    "TP": 360.0,
    "TN": 23153.0,
    "FP": 26.0,
    "FN": 57.0,
    "threshold": 0.1597,
    "latency": 0.9166590278414347
  }
}