{
  "epsilon_results": {
    "f1": 0.8117192570732749,
    "precision": 0.9639639560690912,
    "recall": 0.701012503269729,
    "TP": 1177.0,
    "TN": 17149.0,
    "FP": 44.0,
    "FN": 502.0,
    "threshold": 0.19316620333120227,
    "latency": 4.299957000429996,
    "reg_level": 1.0
  },
  "pot_result": {
    "f1": 0.5913496386323422,
    "precision": 0.42322383391081275,
    "recall": 0.9811097934999422,
    "TP": 1662.0,
    "TN": 19630.0,
    "FP": 2265.0,
    "FN": 32.0,
    "threshold": 0.1205984880963913,
    "latency": 3.1578781164309664
  },
  "bf_result": {
    "f1": 0.8087060017886893,
    "precision": 0.8063380234369835,
    "recall": 0.8110979881281111,
    "TP": 1374.0,
    "TN": 21565.0,
    "FP": 330.0,
    "FN": 320.0,
    "threshold": 0.1597,
    "latency": 3.0624808594946282
  }
}