{
  "epsilon_results": {
    "f1": 0.8773136185157248,
    "precision": 0.967001427783347,
    "recall": 0.8028588397685597,
    "TP": 1348.0,
    "TN": 17147.0,
    "FP": 46.0,
    "FN": 331.0,
    "threshold": 0.18616262963041663,
    "latency": 4.454504959045827,
    "reg_level": 1.0
  },
  "pot_result": {
    "f1": 0.47075120222539496,
    "precision": 0.30967020624246283,
    "recall": 0.9811097934999422,
    "TP": 1662.0,
    "TN": 18190.0,
    "FP": 3705.0,
    "FN": 32.0,
    "threshold": 0.11676595233387514,
    "latency": 2.1578833795611603
  },
  "bf_result": {
    "f1": 0.8040897856113788,
    "precision": 0.9999999912203689,
    "recall": 0.6723730774948461,
    "TP": 1139.0,
    "TN": 21895.0,
    "FP": 0.0,
    "FN": 555.0,
    "threshold": 0.2096,
    "latency": 3.874951563105461
  }
}