{
  "pred_args": {
    "model_name": "26032021_162111",
    "target_dims": null,
    "level": 0.9999,
    "q": 1e-06,
    "use_mov_av": false,
    "gamma": 1,
    "save_path": "output/SMD/3-11"
  },
  "pot_result": {
    "f1": 0.9974760581181944,
    "precision": 0.9949748243731243,
    "recall": 0.9999999494949521,
    "TP": 198.0,
    "TN": 28397.0,
    "FP": 1.0,
    "FN": 0.0,
    "threshold": 0.3291984006203196,
    "latency": 22.665911136295456
  },
  "bf_result": {
    "f1": 0.9999949495199519,
    "precision": 0.9999999494949521,
    "recall": 0.9999999494949521,
    "TP": 198.0,
    "TN": 28398.0,
    "FP": 0.0,
    "FN": 0.0,
    "threshold": 0.3593,
    "latency": 23.332555581480616
  }
}