{
  "pred_args": {
    "model_name": "17032021_054227",
    "target_dims": null,
    "level": 0.9999,
    "q": 0.01,
    "use_mov_av": false,
    "gamma": 1,
    "save_path": "output/SMD/3-3"
  },
  "pot_result": {
    "f1": 0.8814109839417362,
    "precision": 0.9999999799196791,
    "recall": 0.7879746710763502,
    "TP": 498.0,
    "TN": 22971.0,
    "FP": 0.0,
    "FN": 134.0,
    "threshold": 0.19654959699732547,
    "latency": 67.49662516874156
  },
  "bf_result": {
    "f1": 0.9120208146211574,
    "precision": 0.9308072334298644,
    "recall": 0.8939873276267828,
    "TP": 565.0,
    "TN": 22929.0,
    "FP": 42.0,
    "FN": 67.0,
    "threshold": 0.10980000000000001,
    "latency": 5.181771074808411
  }
}