{
  "epsilon_result": {
    "f1": 0.8611106443032333,
    "precision": 0.7561044042770013,
    "recall": 0.9999999962880475,
    "TP": 2694.0,
    "TN": 24816.0,
    "FP": 869.0,
    "FN": 0.0,
    "threshold": 0.19757123664021492,
    "latency": 3.374957813027337,
    "reg_level": 1.0
  },
  "pot_result": {
    "f1": 0.7031143218304661,
    "precision": 0.5421613995931548,
    "recall": 0.9999999962880475,
    "TP": 2694.0,
    "TN": 23410.0,
    "FP": 2275.0,
    "FN": 0.0,
    "threshold": 0.13667000415241054,
    "latency": 0.124998437519531
  },
  "bf_result": {
    "f1": 0.9998094331303373,
    "precision": 0.999628938776887,
    "recall": 0.9999999962880475,
    "TP": 2694.0,
    "TN": 25684.0,
    "FP": 1.0,
    "FN": 0.0,
    "threshold": 0.7065000000000007,
    "latency": 23.999700003749954
  }
}