{
  "epsilon_results": {
    "f1": 0.6199180090789165,
    "precision": 0.4491937536493633,
    "recall": 0.9999999943019944,
    "TP": 1755.0,
    "TN": 18991.0,
    "FP": 2152.0,
    "FN": 0.0,
    "threshold": 0.1279099672101438,
    "latency": 30.59969400305997,
    "reg_level": 1.0
  },
  "pot_result": {
    "f1": 0.43316950434854673,
    "precision": 0.2764650279198724,
    "recall": 0.9999999943019944,
    "TP": 1755.0,
    "TN": 22274.0,
    "FP": 4593.0,
    "FN": 0.0,
    "threshold": 0.09261219272161612,
    "latency": 3.999960000399996
  },
  "bf_result": {
    "f1": 0.7792795235802842,
    "precision": 0.638848394173293,
    "recall": 0.9988603931688866,
    "TP": 1753.0,
    "TN": 25876.0,
    "FP": 991.0,
    "FN": 2.0,
    "threshold": 0.1597,
    "latency": 34.44406173264741
  }
}