{
  "epsilon_results": {
    "f1": 0.019303041437502572,
    "precision": 0.009745677852115562,
    "recall": 0.999999931506854,
    "TP": 146.0,
    "TN": 7910.0,
    "FP": 14835.0,
    "FN": 0.0,
    "threshold": 0.14588314713910222,
    "latency": 0.9999500024998749,
    "reg_level": 1.0
  },
  "pot_result": {
    "f1": 0.020957048109713772,
    "precision": 0.010589592139730335,
    "recall": 0.9999999669967008,
    "TP": 303.0,
    "TN": 0.0,
    "FP": 28310.0,
    "FN": 0.0,
    "threshold": 0.00764521929888845,
    "latency": 0.0
  },
  "bf_result": {
    "f1": 0.8565988441006142,
    "precision": 0.9999999559471385,
    "recall": 0.7491748927665053,
    "TP": 227.0,
    "TN": 28310.0,
    "FP": 0.0,
    "FN": 76.0,
    "threshold": 0.3094,
    "latency": 34.99825008749562
  }
}