{
  "pred_args": {
    "model_name": "17032021_044240",
    "target_dims": null,
    "level": 0.9925,
    "q": 1e-12,
    "use_mov_av": false,
    "gamma": 1,
    "save_path": "output/SMD/2-8"
  },
  "pot_result": {
    "f1": 0.8655864416684926,
    "precision": 0.7630331391927422,
    "recall": 0.9999999378882026,
    "TP": 161.0,
    "TN": 23392.0,
    "FP": 50.0,
    "FN": 0.0,
    "threshold": 0.12841165897478207,
    "latency": 4.999500049995
  },
  "bf_result": {
    "f1": 0.9999949379132026,
    "precision": 0.9999999378882026,
    "recall": 0.9999999378882026,
    "TP": 161.0,
    "TN": 23442.0,
    "FP": 0.0,
    "FN": 0.0,
    "threshold": 0.2096,
    "latency": 4.999500049995
  }
}