{
  "epsilon_results": {
    "f1": 0.7831077591636852,
    "precision": 0.6574009683293887,
    "recall": 0.9682702050330583,
    "TP": 946.0,
    "TN": 17402.0,
    "FP": 493.0,
    "FN": 31.0,
    "threshold": 0.13176506664603949,
    "latency": 2.611096605018861,
    "reg_level": 1.0
  },
  "pot_result": {
    "f1": 0.6312356114712863,
    "precision": 0.46117646841799304,
    "recall": 0.9999999897959185,
    "TP": 980.0,
    "TN": 21464.0,
    "FP": 1145.0,
    "FN": 0.0,
    "threshold": 0.11629928507791853,
    "latency": 2.428559864000648
  },
  "bf_result": {
    "f1": 0.7097993072535838,
    "precision": 0.9872727093223144,
    "recall": 0.5540816269991671,
    "TP": 543.0,
    "TN": 22602.0,
    "FP": 7.0,
    "FN": 437.0,
    "threshold": 0.1597,
    "latency": 2.9999785715816314
  }
}