{
  "epsilon_results": {
    "f1": 0.331677406664121,
    "precision": 0.19881090458409093,
    "recall": 0.999999992706054,
    "TP": 1371.0,
    "TN": 15988.0,
    "FP": 5525.0,
    "FN": 0.0,
    "threshold": 0.1242087995633483,
    "latency": 1.6666388893518442,
    "reg_level": 1.0
  },
  "pot_result": {
    "f1": 0.0914753572163174,
    "precision": 0.04793035937353854,
    "recall": 0.999999992706054,
    "TP": 1371.0,
    "TN": 0.0,
    "FP": 27233.0,
    "FN": 0.0,
    "threshold": -0.000322195838078021,
    "latency": 0.0
  },
  "bf_result": {
    "f1": 0.9329688145089045,
    "precision": 0.9885714205014579,
    "recall": 0.8832968571604898,
    "TP": 1211.0,
    "TN": 27219.0,
    "FP": 14.0,
    "FN": 160.0,
    "threshold": 0.2595,
    "latency": 47.74880627984301
  }
}