{
  "pred_args": {
    "model_name": "17032021_065554",
    "target_dims": null,
    "level": 0.9999,
    "q": 0.001,
    "use_mov_av": false,
    "gamma": 1,
    "save_path": "output/SMD/3-8"
  },
  "pot_result": {
    "f1": 0.9254084539281283,
    "precision": 0.8611808991131853,
    "recall": 0.999999992706054,
    "TP": 1371.0,
    "TN": 27012.0,
    "FP": 221.0,
    "FN": 0.0,
    "threshold": 0.09172100276729304,
    "latency": 39.49934167763871
  },
  "bf_result": {
    "f1": 0.9877471550422653,
    "precision": 0.9758007047985715,
    "recall": 0.999999992706054,
    "TP": 1371.0,
    "TN": 27199.0,
    "FP": 34.0,
    "FN": 0.0,
    "threshold": 0.10980000000000001,
    "latency": 50.665822236296066
  }
}