{
  "epsilon_results": {
    "f1": 0.9503560141554539,
    "precision": 0.9990512239179201,
    "recall": 0.9061962056265387,
    "TP": 1053.0,
    "TN": 17715.0,
    "FP": 1.0,
    "FN": 109.0,
    "threshold": 0.19333003088831902,
    "latency": 15.799684006319874,
    "reg_level": 1.0
  },
  "pot_result": {
    "f1": 0.9717173646603982,
    "precision": 0.9991189383298724,
    "recall": 0.9457881528532603,
    "TP": 2268.0,
    "TN": 21197.0,
    "FP": 2.0,
    "FN": 130.0,
    "threshold": 0.18915581476315066,
    "latency": 139.66433892768455
  },
  "bf_result": {
    "f1": 0.9931527816740607,
    "precision": 0.987628861906685,
    "recall": 0.998748953299629,
    "TP": 2395.0,
    "TN": 21169.0,
    "FP": 30.0,
    "FN": 3.0,
    "threshold": 0.10980000000000001,
    "latency": 6.749943750468746
  }
}