{
  "epsilon_results": {
    "f1": 0.9213625089320581,
    "precision": 0.9456140184979998,
    "recall": 0.8983333183611114,
    "TP": 539.0,
    "TN": 18252.0,
    "FP": 31.0,
    "FN": 61.0,
    "threshold": 0.18087326735258102,
    "latency": 8.714161226268196,
    "reg_level": 1.0
  },
  "pot_result": {
    "f1": 0.5605281114935645,
    "precision": 0.38940233894391657,
    "recall": 0.9999999841772155,
    "TP": 632.0,
    "TN": 21980.0,
    "FP": 991.0,
    "FN": 0.0,
    "threshold": 0.11891792777670568,
    "latency": 1.1923031065265133
  },
  "bf_result": {
    "f1": 0.8903956011978027,
    "precision": 0.8523878313692065,
    "recall": 0.9319620105702214,
    "TP": 589.0,
    "TN": 22869.0,
    "FP": 102.0,
    "FN": 43.0,
    "threshold": 0.1597,
    "latency": 2.947352908668902
  }
}