{
  "epsilon_results": {
    "f1": 0.11074092388971205,
    "precision": 0.05861664678419316,
    "recall": 0.9999999000000099,
    "TP": 100.0,
    "TN": 17179.0,
    "FP": 1606.0,
    "FN": 0.0,
    "threshold": 0.18493086425587535,
    "latency": 1.4285510206997043,
    "reg_level": 1.0
  },
  "pot_result": {
    "f1": 0.043544098125971965,
    "precision": 0.022256843929986996,
    "recall": 0.9999999000000099,
    "TP": 100.0,
    "TN": 19113.0,
    "FP": 4393.0,
    "FN": 0.0,
    "threshold": 0.1301310438480914,
    "latency": 0.999985714489793
  },
  "bf_result": {
    "f1": 0.49041669152098294,
    "precision": 0.39751550325990664,
    "recall": 0.6399999360000064,
    "TP": 64.0,
    "TN": 23409.0,
    "FP": 97.0,
    "FN": 36.0,
    "threshold": 0.2595,
    "latency": 3.79992400151997
  }
}