{
  "pred_args": {
    "model_name": "17032021_071215",
    "target_dims": null,
    "level": 0.9999,
    "q": 1e-05,
    "use_mov_av": false,
    "gamma": 1,
    "save_path": "output/SMD/3-9"
  },
  "pot_result": {
    "f1": 0.9017807357042716,
    "precision": 0.8211381891290465,
    "recall": 0.9999999669967008,
    "TP": 303.0,
    "TN": 28244.0,
    "FP": 66.0,
    "FN": 0.0,
    "threshold": 0.1676414827099791,
    "latency": 23.499412514687133
  },
  "bf_result": {
    "f1": 0.9950688590931265,
    "precision": 0.9901960460720247,
    "recall": 0.9999999669967008,
    "TP": 303.0,
    "TN": 28307.0,
    "FP": 3.0,
    "FN": 0.0,
    "threshold": 0.2096,
    "latency": 24.99937501562461
  }
}