{
  "epsilon_results": {
    "f1": 0.6864819343250218,
    "precision": 0.9883268097927312,
    "recall": 0.5258799062964823,
    "TP": 254.0,
    "TN": 18390.0,
    "FP": 3.0,
    "FN": 229.0,
    "threshold": 0.24432878382503986,
    "latency": 41.33195560147995,
    "reg_level": 1.0
  },
  "pot_result": {
    "f1": 0.8305390053423101,
    "precision": 0.9589371749048993,
    "recall": 0.732472311208998,
    "TP": 397.0,
    "TN": 23035.0,
    "FP": 17.0,
    "FN": 145.0,
    "threshold": 0.18997051329534295,
    "latency": 20.832986116898052
  },
  "bf_result": {
    "f1": 0.8918868854351041,
    "precision": 0.9352226531331447,
    "recall": 0.8523985082583302,
    "TP": 462.0,
    "TN": 23020.0,
    "FP": 32.0,
    "FN": 80.0,
    "threshold": 0.1597,
    "latency": 12.714104084227369
  }
}