{
  "epsilon_results": {
    "f1": 0.8867963559799416,
    "precision": 0.9843586967220157,
    "recall": 0.806837599941559,
    "TP": 944.0,
    "TN": 17691.0,
    "FP": 15.0,
    "FN": 226.0,
    "threshold": 0.24502416606992483,
    "latency": 75.49874168763854,
    "reg_level": 1.0
  },
  "pot_result": {
    "f1": 0.8616550753395592,
    "precision": 0.8861788537833889,
    "recall": 0.8384615312952006,
    "TP": 981.0,
    "TN": 22298.0,
    "FP": 126.0,
    "FN": 189.0,
    "threshold": 0.17508386564453668,
    "latency": 15.499806252421845
  },
  "bf_result": {
    "f1": 0.8807289638358402,
    "precision": 0.9504950400941086,
    "recall": 0.8205128134998905,
    "TP": 960.0,
    "TN": 22374.0,
    "FP": 50.0,
    "FN": 210.0,
    "threshold": 0.2096,
    "latency": 65.42763674804645
  }
}