{
  "pred_args": {
    "model_name": "17032021_012546",
    "target_dims": null,
    "level": 0.9999,
    "q": 0.001,
    "use_mov_av": false,
    "gamma": 1,
    "save_path": "output/smd/1-2"
  },
  "pot_result": {
    "f1": 0.8816743784153286,
    "precision": 0.9130434602165325,
    "recall": 0.8523985082583302,
    "TP": 462.0,
    "TN": 23008.0,
    "FP": 44.0,
    "FN": 80.0,
    "threshold": 0.1359544639696595,
    "latency": 12.571248982157398
  },
  "bf_result": {
    "f1": 0.9041045897770276,
    "precision": 0.9624999799479171,
    "recall": 0.8523985082583302,
    "TP": 462.0,
    "TN": 23034.0,
    "FP": 18.0,
    "FN": 80.0,
    "threshold": 0.1597,
    "latency": 12.99981428836731
  }
}