{
  "epsilon_results": {
    "f1": 0.11537109144219389,
    "precision": 0.06121748674681389,
    "recall": 0.9999999887892378,
    "TP": 892.0,
    "TN": 4304.0,
    "FP": 13679.0,
    "FN": 0.0,
    "threshold": 0.11877440009266138,
    "latency": 0.0,
    "reg_level": 1.0
  },
  "pot_result": {
    "f1": 0.11648107456328949,
    "precision": 0.06184288242064803,
    "recall": 0.9999999904489018,
    "TP": 1047.0,
    "TN": 6663.0,
    "FP": 15883.0,
    "FN": 0.0,
    "threshold": 0.1331261330301796,
    "latency": 0.23076745563495665
  },
  "bf_result": {
    "f1": 0.9227592387870742,
    "precision": 0.9858848970045071,
    "recall": 0.8672397242861536,
    "TP": 908.0,
    "TN": 22533.0,
    "FP": 13.0,
    "FN": 139.0,
    "threshold": 0.3593,
    "latency": 12.5997480050399
  }
}