{
  "epsilon_results": {
    "f1": 0.556813941147431,
    "precision": 0.9245282146671495,
    "recall": 0.3983739675457737,
    "TP": 98.0,
    "TN": 18629.0,
    "FP": 8.0,
    "FN": 148.0,
    "threshold": 0.268233897164464,
    "latency": 0.0,
    "reg_level": 1.0
  },
  "pot_result": {
    "f1": 0.10777875568883288,
    "precision": 0.05695942472677996,
    "recall": 0.9999999909828675,
    "TP": 1109.0,
    "TN": 4133.0,
    "FP": 18361.0,
    "FN": 0.0,
    "threshold": 0.06683265663947781,
    "latency": 0.0
  },
  "bf_result": {
    "f1": 0.9224233438477011,
    "precision": 0.8661916004260365,
    "recall": 0.9864742922770579,
    "TP": 1094.0,
    "TN": 22325.0,
    "FP": 169.0,
    "FN": 15.0,
    "threshold": 0.2096,
    "latency": 11.571263267667605
  }
}