{
  "epsilon_results": {
    "f1": 0.41959138819672126,
    "precision": 0.7848605264995806,
    "recall": 0.28633720514044764,
    "TP": 197.0,
    "TN": 18144.0,
    "FP": 54.0,
    "FN": 491.0,
    "threshold": 0.15831821970641613,
    "latency": 16.999660006799864,
    "reg_level": 1.0
  },
  "pot_result": {
    "f1": 0.44552108631635856,
    "precision": 0.7435064693666731,
    "recall": 0.31805555113811734,
    "TP": 229.0,
    "TN": 22808.0,
    "FP": 79.0,
    "FN": 491.0,
    "threshold": 0.15347771743131466,
    "latency": 17.166380560323994
  },
  "bf_result": {
    "f1": 0.7418809514661326,
    "precision": 0.5896805848511009,
    "recall": 0.9999999861111113,
    "TP": 720.0,
    "TN": 22386.0,
    "FP": 501.0,
    "FN": 0.0,
    "threshold": 0.10980000000000001,
    "latency": 7.999933333888884
  }
}