{
  "epsilon_results": {
    "f1": 0.7721470432614633,
    "precision": 0.6547405965162685,
    "recall": 0.9408740118027247,
    "TP": 366.0,
    "TN": 22333.0,
    "FP": 193.0,
    "FN": 23.0,
    "threshold": 0.20725284423679113,
    "latency": 28.666188896851722,
    "reg_level": 1.0
  },
  "pot_result": {
    "f1": 0.04130902642278582,
    "precision": 0.021090330272040225,
    "recall": 0.999999976415095,
    "TP": 424.0,
    "TN": 8539.0,
    "FP": 19680.0,
    "FN": 0.0,
    "threshold": 0.12525956215526085,
    "latency": 3.374957813027337
  },
  "bf_result": {
    "f1": 0.7687813590790344,
    "precision": 0.9925372763978629,
    "recall": 0.6273584757698473,
    "TP": 266.0,
    "TN": 28217.0,
    "FP": 2.0,
    "FN": 158.0,
    "threshold": 0.2595,
    "latency": 12.399752004959902
  }
}