{
  "epsilon_results": {
    "f1": 0.5502389945044543,
    "precision": 0.3795415216705417,
    "recall": 0.9999999943019944,
    "TP": 1755.0,
    "TN": 18274.0,
    "FP": 2869.0,
    "FN": 0.0,
    "threshold": 0.11284723458811641,
    "latency": 30.59969400305997,
    "reg_level": 1.0
  },
  "pot_result": {
    "f1": 0.3732820848580568,
    "precision": 0.2294717570221342,
    "recall": 0.9999999943019944,
    "TP": 1755.0,
    "TN": 20974.0,
    "FP": 5893.0,
    "FN": 0.0,
    "threshold": 0.0808120551134106,
    "latency": 3.3999660003399965
  },
  "bf_result": {
    "f1": 0.820112115366887,
    "precision": 0.6956349178744645,
    "recall": 0.9988603931688866,
    "TP": 1753.0,
    "TN": 26100.0,
    "FP": 767.0,
    "FN": 2.0,
    "threshold": 0.1597,
    "latency": 36.888479016899815
  }
}