{
  "epsilon_results": {
    "f1": 0.9404884746649766,
    "precision": 0.8917431110849257,
    "recall": 0.9948822825498231,
    "TP": 972.0,
    "TN": 17777.0,
    "FP": 118.0,
    "FN": 5.0,
    "threshold": 0.12930910289287567,
    "latency": 2.947352908668902,
    "reg_level": 1.0
  },
  "pot_result": {
    "f1": 0.8214536604913076,
    "precision": 0.6970127973185434,
    "recall": 0.9999999897959185,
    "TP": 980.0,
    "TN": 22183.0,
    "FP": 426.0,
    "FN": 0.0,
    "threshold": 0.11102229553346968,
    "latency": 2.428559864000648
  },
  "bf_result": {
    "f1": 0.8059162343658521,
    "precision": 0.6749311248282981,
    "recall": 0.9999999897959185,
    "TP": 980.0,
    "TN": 22137.0,
    "FP": 472.0,
    "FN": 0.0,
    "threshold": 0.10980000000000001,
    "latency": 2.428559864000648
  }
}