{
  "epsilon_results": {
    "f1": 0.9333052563424306,
    "precision": 0.8749593995616778,
    "recall": 0.9999999962880475,
    "TP": 2694.0,
    "TN": 22463.0,
    "FP": 385.0,
    "FN": 0.0,
    "threshold": 0.09371592663228512,
    "latency": 3.499956250546868,
    "reg_level": 1.0
  },
  "pot_result": {
    "f1": 0.8944173635480155,
    "precision": 0.8090090065795524,
    "recall": 0.9999999962880475,
    "TP": 2694.0,
    "TN": 25049.0,
    "FP": 636.0,
    "FN": 0.0,
    "threshold": 0.07263743280570709,
    "latency": 3.2499593755078062
  },
  "bf_result": {
    "f1": 0.9972167040753792,
    "precision": 0.9951940813486355,
    "recall": 0.9992576057934015,
    "TP": 2692.0,
    "TN": 25672.0,
    "FP": 13.0,
    "FN": 2.0,
    "threshold": 0.1597,
    "latency": 17.714032656676334
  }
}