{
  "epsilon_results": {
    "f1": 0.13279955832259796,
    "precision": 0.07112299446223798,
    "recall": 0.9999999624060165,
    "TP": 266.0,
    "TN": 15132.0,
    "FP": 3474.0,
    "FN": 0.0,
    "threshold": 0.04237603023648262,
    "latency": 1.9999777780246886,
    "reg_level": 0.0
  },
  "pot_result": {
    "f1": 0.9475605078887447,
    "precision": 0.954716945105021,
    "recall": 0.9405204111330703,
    "TP": 253.0,
    "TN": 23308.0,
    "FP": 12.0,
    "FN": 16.0,
    "threshold": 0.13785943425841346,
    "latency": 2.5713918372594677
  },
  "bf_result": {
    "f1": 0.9467630274664175,
    "precision": 0.968871557631457,
    "recall": 0.9256505232100178,
    "TP": 249.0,
    "TN": 23312.0,
    "FP": 8.0,
    "FN": 20.0,
    "threshold": 0.1597,
    "latency": 2.9999500008333198
  }
}