{
  "epsilon_results": {
    "f1": 0.13178572305971814,
    "precision": 0.07054171603753126,
    "recall": 0.9999999887892378,
    "TP": 892.0,
    "TN": 6230.0,
    "FP": 11753.0,
    "FN": 0.0,
    "threshold": 0.12104203877970576,
    "latency": 0.33332962967078145,
    "reg_level": 1.0
  },
  "pot_result": {
    "f1": 0.3410621748668651,
    "precision": 0.20571428530893737,
    "recall": 0.9971346609633748,
    "TP": 1044.0,
    "TN": 18515.0,
    "FP": 4031.0,
    "FN": 3.0,
    "threshold": 0.300076708772847,
    "latency": 6.166615278206015
  },
  "bf_result": {
    "f1": 0.8744631406174845,
    "precision": 0.9867947060408799,
    "recall": 0.7851002790343813,
    "TP": 822.0,
    "TN": 22535.0,
    "FP": 11.0,
    "FN": 225.0,
    "threshold": 0.4092,
    "latency": 0.9999666677777407
  }
}