{
  "epsilon_results": {
    "f1": 0.48157929193603044,
    "precision": 0.9747634063909625,
    "recall": 0.3197871042265367,
    "TP": 17304.0,
    "TN": 330207.0,
    "FP": 448.0,
    "FN": 36807.0,
    "threshold": 2.338154636323452,
    "latency": 96.36084344210154,
    "reg_level": 1.0
  },
  "pot_result": {
    "f1": 0.5086834656606444,
    "precision": 0.9495752119192528,
    "recall": 0.34739286230302163,
    "TP": 19001.0,
    "TN": 371812.0,
    "FP": 1009.0,
    "FN": 35695.0,
    "threshold": 1.6892165331136526,
    "latency": 76.90180999645098
  },
  "bf_result": {
    "f1": 0.7716714494126681,
    "precision": 0.8091589270837946,
    "recall": 0.7375127978759849,
    "TP": 40339.0,
    "TN": 363307.0,
    "FP": 9514.0,
    "FN": 14357.0,
    "threshold": 0.509,
    "latency": 108.99982968776611
  }
}