{
  "epsilon_result": {
    "f1": 0.9431803870946277,
    "precision": 0.9202499069946712,
    "recall": 0.9672933286540133,
    "TP": 7512.0,
    "TN": 65212.0,
    "FP": 651.0,
    "FN": 254.0,
    "threshold": 0.573549747467041,
    "latency": 36.787767309796024,
    "reg_level": 0.0
  },
  "pot_result": {
    "f1": 0.9137068436669699,
    "precision": 0.9732207815846009,
    "recall": 0.861061034173241,
    "TP": 6687.0,
    "TN": 65679.0,
    "FP": 184.0,
    "FN": 1079.0,
    "threshold": 0.8252659423977831,
    "latency": 50.535533801665
  },
  "bf_result": {
    "f1": 0.9498494149678298,
    "precision": 0.9546104812659507,
    "recall": 0.9451455048349916,
    "TP": 7340.0,
    "TN": 65514.0,
    "FP": 349.0,
    "FN": 426.0,
    "threshold": 0.6866000000000007,
    "latency": 42.870829448937265
  }
}