{
  "epsilon_results": {
    "f1": 0.6123303196584293,
    "precision": 0.46179401226255795,
    "recall": 0.9084967023367091,
    "TP": 278.0,
    "TN": 18250.0,
    "FP": 324.0,
    "FN": 28.0,
    "threshold": 0.1731207799166441,
    "latency": 2.6666222229629506,
    "reg_level": 1.0
  },
  "pot_result": {
    "f1": 0.3565311291323517,
    "precision": 0.21756717648781515,
    "recall": 0.986893827170461,
    "TP": 753.0,
    "TN": 20128.0,
    "FP": 2708.0,
    "FN": 10.0,
    "threshold": 0.12715438235707516,
    "latency": 1.0588173010746995
  },
  "bf_result": {
    "f1": 0.6547361065341377,
    "precision": 0.4969450068096062,
    "recall": 0.9593708917513645,
    "TP": 732.0,
    "TN": 22095.0,
    "FP": 741.0,
    "FN": 31.0,
    "threshold": 0.1597,
    "latency": 2.461519526772871
  }
}