{
  "epsilon_results": {
    "f1": 0.9311589339257372,
    "precision": 0.9514066252837181,
    "recall": 0.9117646835351794,
    "TP": 372.0,
    "TN": 18450.0,
    "FP": 19.0,
    "FN": 36.0,
    "threshold": 0.1475942488759756,
    "latency": 1.0714209184220114,
    "reg_level": 1.0
  },
  "pot_result": {
    "f1": 0.9129414321610102,
    "precision": 0.8538621951176996,
    "recall": 0.9808153242010714,
    "TP": 409.0,
    "TN": 23109.0,
    "FP": 70.0,
    "FN": 8.0,
    "threshold": 0.13407634385276238,
    "latency": 1.1111049383058984
  },
  "bf_result": {
    "f1": 0.9331601853175517,
    "precision": 0.9840425270201456,
    "recall": 0.8872901465877663,
    "TP": 370.0,
    "TN": 23173.0,
    "FP": 6.0,
    "FN": 47.0,
    "threshold": 0.1597,
    "latency": 0.9999928571938772
  }
}