{
  "epsilon_results": {
    "f1": 0.5156211596963106,
    "precision": 0.3473684149584489,
    "recall": 0.9999999494949521,
    "TP": 198.0,
    "TN": 22307.0,
    "FP": 372.0,
    "FN": 0.0,
    "threshold": 0.25690642558038235,
    "latency": 9.999666677777407,
    "reg_level": 1.0
  },
  "pot_result": {
    "f1": 0.013752728589097662,
    "precision": 0.006924045318602586,
    "recall": 0.9999999494949521,
    "TP": 198.0,
    "TN": 0.0,
    "FP": 28398.0,
    "FN": 0.0,
    "threshold": 0.029176264739374944,
    "latency": 0.0
  },
  "bf_result": {
    "f1": 0.9999949495199519,
    "precision": 0.9999999494949521,
    "recall": 0.9999999494949521,
    "TP": 198.0,
    "TN": 28398.0,
    "FP": 0.0,
    "FN": 0.0,
    "threshold": 0.3593,
    "latency": 23.332555581480616
  }
}