{
  "epsilon_results": {
    "f1": 0.4447225468110693,
    "precision": 0.28594704661022646,
    "recall": 0.9999999971509971,
    "TP": 3510.0,
    "TN": 6597.0,
    "FP": 8765.0,
    "FN": 0.0,
    "threshold": 0.08405072148889303,
    "latency": 0.0,
    "reg_level": 0.0
  },
  "pot_result": {
    "f1": 0.9879500297816455,
    "precision": 0.9806057359707605,
    "recall": 0.9954153155463449,
    "TP": 3691.0,
    "TN": 19808.0,
    "FP": 73.0,
    "FN": 17.0,
    "threshold": 0.15230914290579678,
    "latency": 4.192291568109353
  },
  "bf_result": {
    "f1": 0.9886742426448543,
    "precision": 0.9881465490621052,
    "recall": 0.9892125108165789,
    "TP": 3668.0,
    "TN": 19837.0,
    "FP": 44.0,
    "FN": 40.0,
    "threshold": 0.1597,
    "latency": 7.681783264621525
  }
}