{
  "epsilon_results": {
    "f1": 0.8924681306400969,
    "precision": 0.965116260365964,
    "recall": 0.8299999861666669,
    "TP": 498.0,
    "TN": 18265.0,
    "FP": 18.0,
    "FN": 102.0,
    "threshold": 0.1947997286915779,
    "latency": 13.99953334888837,
    "reg_level": 1.0
  },
  "pot_result": {
    "f1": 0.05215546477005739,
    "precision": 0.0267762572440892,
    "recall": 0.9999999841772155,
    "TP": 632.0,
    "TN": 0.0,
    "FP": 22971.0,
    "FN": 0.0,
    "threshold": -0.08358527850255434,
    "latency": 0.0
  },
  "bf_result": {
    "f1": 0.8886906858801313,
    "precision": 0.9864864674423462,
    "recall": 0.808544291004046,
    "TP": 511.0,
    "TN": 22964.0,
    "FP": 7.0,
    "FN": 121.0,
    "threshold": 0.2096,
    "latency": 14.99950001666611
  }
}