{
  "epsilon_results": {
    "f1": 0.826502280987499,
    "precision": 0.7043137236488529,
    "recall": 0.9999999962880475,
    "TP": 2694.0,
    "TN": 18879.0,
    "FP": 1131.0,
    "FN": 0.0,
    "threshold": 0.14800016535446048,
    "latency": 3.74995312558593,
    "reg_level": 1.0
  },
  "pot_result": {
    "f1": 0.4294904489681835,
    "precision": 0.2734747738569944,
    "recall": 0.9999999962880475,
    "TP": 2694.0,
    "TN": 18528.0,
    "FP": 7157.0,
    "FN": 0.0,
    "threshold": 0.11051960654025023,
    "latency": 0.124998437519531
  },
  "bf_result": {
    "f1": 0.9147734525885572,
    "precision": 0.9947666768653873,
    "recall": 0.846696359143666,
    "TP": 2281.0,
    "TN": 25673.0,
    "FP": 12.0,
    "FN": 413.0,
    "threshold": 0.2096,
    "latency": 169.19661606767866
  }
}