{
  "pred_args": {
    "model_name": "17032021_052901",
    "target_dims": null,
    "level": 0.9999,
    "q": 0.001,
    "use_mov_av": false,
    "gamma": 1,
    "save_path": "output/SMD/3-2"
  },
  "pot_result": {
    "f1": 0.6687299740255049,
    "precision": 0.5096926689849046,
    "recall": 0.9720468803241941,
    "TP": 1078.0,
    "TN": 21457.0,
    "FP": 1037.0,
    "FN": 31.0,
    "threshold": 0.10950973242012135,
    "latency": 0.249996875039062
  },
  "bf_result": {
    "f1": 0.8312908712032976,
    "precision": 0.9081196484175251,
    "recall": 0.7664562599958858,
    "TP": 850.0,
    "TN": 22408.0,
    "FP": 86.0,
    "FN": 259.0,
    "threshold": 0.1597,
    "latency": 105.24736881577961
  }
}