{
  "epsilon_results": {
    "f1": 0.4132597193282563,
    "precision": 0.26044832777270455,
    "recall": 0.999999992706054,
    "TP": 1371.0,
    "TN": 17620.0,
    "FP": 3893.0,
    "FN": 0.0,
    "threshold": 0.12446214212104678,
    "latency": 1.6666388893518442,
    "reg_level": 1.0
  },
  "pot_result": {
    "f1": 0.1087308299145124,
    "precision": 0.057491508341723695,
    "recall": 0.999999992706054,
    "TP": 1371.0,
    "TN": 4757.0,
    "FP": 22476.0,
    "FN": 0.0,
    "threshold": 0.05381737855410672,
    "latency": 0.0
  },
  "bf_result": {
    "f1": 0.931891891408809,
    "precision": 0.9861563437609419,
    "recall": 0.8832968571604898,
    "TP": 1211.0,
    "TN": 27216.0,
    "FP": 17.0,
    "FN": 160.0,
    "threshold": 0.2595,
    "latency": 45.49886252843679
  }
}