{
  "epsilon_results": {
    "f1": 0.9046290250014142,
    "precision": 0.8258736945865306,
    "recall": 0.9999999962880475,
    "TP": 2694.0,
    "TN": 19442.0,
    "FP": 568.0,
    "FN": 0.0,
    "threshold": 0.16959682758897543,
    "latency": 3.74995312558593,
    "reg_level": 1.0
  },
  "pot_result": {
    "f1": 0.6881180899734786,
    "precision": 0.5245327092590875,
    "recall": 0.9999999962880475,
    "TP": 2694.0,
    "TN": 23243.0,
    "FP": 2442.0,
    "FN": 0.0,
    "threshold": 0.1207377000712622,
    "latency": 3.374957813027337
  },
  "bf_result": {
    "f1": 0.9871368044223441,
    "precision": 0.9770909055378512,
    "recall": 0.9974016295567868,
    "TP": 2687.0,
    "TN": 25622.0,
    "FP": 63.0,
    "FN": 7.0,
    "threshold": 0.2096,
    "latency": 278.7944241115178
  }
}