{
  "epsilon_results": {
    "f1": 0.4391582862821658,
    "precision": 0.28136272522536054,
    "recall": 0.9999999971509971,
    "TP": 3510.0,
    "TN": 6397.0,
    "FP": 8965.0,
    "FN": 0.0,
    "threshold": 0.0889426190406084,
    "latency": 0.0,
    "reg_level": 0.0
  },
  "pot_result": {
    "f1": 0.9905939767634004,
    "precision": 0.9866238603889141,
    "recall": 0.9946062540598536,
    "TP": 3688.0,
    "TN": 19831.0,
    "FP": 50.0,
    "FN": 20.0,
    "threshold": 0.16995947798181057,
    "latency": 6.63997344010624
  },
  "bf_result": {
    "f1": 0.9885539735962523,
    "precision": 0.9986241029206822,
    "recall": 0.9786947114921933,
    "TP": 3629.0,
    "TN": 19876.0,
    "FP": 5.0,
    "FN": 79.0,
    "threshold": 0.2096,
    "latency": 12.21419847001093
  }
}