{
  "pred_args": {
    "model_name": "17032021_032905",
    "target_dims": null,
    "level": 0.9925,
    "q": 0.001,
    "use_mov_av": false,
    "gamma": 1,
    "save_path": "output/SMD/2-3"
  },
  "pot_result": {
    "f1": 0.9457893573502161,
    "precision": 0.9511277837921887,
    "recall": 0.9405204111330703,
    "TP": 253.0,
    "TN": 23307.0,
    "FP": 13.0,
    "FN": 16.0,
    "threshold": 0.11916957894717924,
    "latency": 2.5713918372594677
  },
  "bf_result": {
    "f1": 0.9540179566768222,
    "precision": 0.98418968441938,
    "recall": 0.9256505232100178,
    "TP": 249.0,
    "TN": 23316.0,
    "FP": 4.0,
    "FN": 20.0,
    "threshold": 0.1597,
    "latency": 3.3332777787036885
  }
}