{
  "pred_args": {
    "model_name": "24032021_175825",
    "target_dims": [
      0
    ],
    "level": 0.93,
    "q": 0.01,
    "use_mov_av": true,
    "gamma": 1,
    "save_path": "output/SMAP"
  },
  "pot_result": {
    "f1": 0.7484403976489045,
    "precision": 0.7565896395067176,
    "recall": 0.7404746232374443,
    "TP": 40501.0,
    "TN": 359791.0,
    "FP": 13030.0,
    "FN": 14195.0,
    "threshold": 0.1901731103119371,
    "latency": 47.69689742894329
  },
  "bf_result": {
    "f1": 0.8273023361879549,
    "precision": 0.7454646779084775,
    "recall": 0.9293366972119831,
    "TP": 50831.0,
    "TN": 355465.0,
    "FP": 17356.0,
    "FN": 3865.0,
    "threshold": 0.1597,
    "latency": 128.79085255096635
  }
}