{
  "pred_args": {
    "model_name": "17032021_013914",
    "target_dims": null,
    "level": 0.995,
    "q": 0.001,
    "use_mov_av": false,
    "gamma": 1,
    "save_path": "output/SMD/1-3"
  },
  "pot_result": {
    "f1": 0.6197517678096495,
    "precision": 0.4907142822091837,
    "recall": 0.8408812626575121,
    "TP": 687.0,
    "TN": 22073.0,
    "FP": 713.0,
    "FN": 130.0,
    "threshold": 0.09684012460778081,
    "latency": 32.42810816988329
  },
  "bf_result": {
    "f1": 0.5880647810078932,
    "precision": 0.4771341427047703,
    "recall": 0.7662178608786063,
    "TP": 626.0,
    "TN": 22100.0,
    "FP": 686.0,
    "FN": 191.0,
    "threshold": 0.10980000000000001,
    "latency": 47.33254445759238
  }
}