{
  "pred_args": {
    "model_name": "26032021_145011",
    "target_dims": null,
    "level": 0.9999,
    "q": 0.0001,
    "use_mov_av": false,
    "gamma": 1,
    "save_path": "output/SMD/3-1"
  },
  "pot_result": {
    "f1": 0.829066456230668,
    "precision": 0.7080459607345757,
    "recall": 0.9999999675324687,
    "TP": 308.0,
    "TN": 28165.0,
    "FP": 127.0,
    "FN": 0.0,
    "threshold": 0.16932579969446473,
    "latency": 12.999675008124798
  },
  "bf_result": {
    "f1": 0.750299800189804,
    "precision": 0.6003898518442524,
    "recall": 0.9999999675324687,
    "TP": 308.0,
    "TN": 28087.0,
    "FP": 205.0,
    "FN": 0.0,
    "threshold": 0.1597,
    "latency": 12.999675008124798
  }
}