{
  "epsilon_results": {
    "f1": 0.9257375789405393,
    "precision": 0.9999999732620328,
    "recall": 0.8617511322177159,
    "TP": 374.0,
    "TN": 22450.0,
    "FP": 0.0,
    "FN": 60.0,
    "threshold": 0.19660788075998425,
    "latency": 1.4999250037498124,
    "reg_level": 1.0
  },
  "pot_result": {
    "f1": 0.9895662402957353,
    "precision": 0.9953379721366441,
    "recall": 0.983870945072098,
    "TP": 427.0,
    "TN": 28169.0,
    "FP": 2.0,
    "FN": 7.0,
    "threshold": 0.17282032335703956,
    "latency": 11.749706257343567
  },
  "bf_result": {
    "f1": 0.9884209031781555,
    "precision": 0.99302323272039,
    "recall": 0.983870945072098,
    "TP": 427.0,
    "TN": 28168.0,
    "FP": 3.0,
    "FN": 7.0,
    "threshold": 0.1597,
    "latency": 11.49971250718732
  }
}