{
  "pred_args": {
    "model_name": "17032021_062314",
    "target_dims": null,
    "level": 0.9999,
    "q": 0.0001,
    "use_mov_av": false,
    "gamma": 1,
    "save_path": "output/SMD/3-6"
  },
  "pot_result": {
    "f1": 0.9774816912418512,
    "precision": 0.9559647641636128,
    "recall": 0.9999999916247907,
    "TP": 1194.0,
    "TN": 27377.0,
    "FP": 55.0,
    "FN": 0.0,
    "threshold": 0.07526541792887287,
    "latency": 12.181707439023281
  },
  "bf_result": {
    "f1": 0.9483667294110277,
    "precision": 0.9018126820104783,
    "recall": 0.9999999916247907,
    "TP": 1194.0,
    "TN": 27302.0,
    "FP": 130.0,
    "FN": 0.0,
    "threshold": 0.0599,
    "latency": 10.363542149616823
  }
}