{
  "epsilon_results": {
    "f1": 0.9478622223482878,
    "precision": 0.9009008197386649,
    "recall": 0.9999999000000099,
    "TP": 100.0,
    "TN": 21135.0,
    "FP": 11.0,
    "FN": 0.0,
    "threshold": 0.20619963854551315,
    "latency": 3.4285224496792903,
    "reg_level": 1.0
  },
  "pot_result": {
    "f1": 0.6733961614189856,
    "precision": 0.5076141874307519,
    "recall": 0.9999999000000099,
    "TP": 100.0,
    "TN": 23409.0,
    "FP": 97.0,
    "FN": 0.0,
    "threshold": 0.1668176081110015,
    "latency": 2.4285367351894975
  },
  "bf_result": {
    "f1": 0.974353877737665,
    "precision": 0.9999998947368531,
    "recall": 0.9499999050000094,
    "TP": 95.0,
    "TN": 23506.0,
    "FP": 0.0,
    "FN": 5.0,
    "threshold": 0.3094,
    "latency": 4.499925001249979
  }
}