{
  "epsilon_results": {
    "f1": 0.01964039822743357,
    "precision": 0.010327795193858126,
    "recall": 0.19999998260869717,
    "TP": 23.0,
    "TN": 16551.0,
    "FP": 2204.0,
    "FN": 92.0,
    "threshold": 0.24640668090432882,
    "latency": 0.24999375015624611,
    "reg_level": 1.0
  },
  "pot_result": {
    "f1": 0.07954654110756465,
    "precision": 0.04142112178682277,
    "recall": 0.9999999897645856,
    "TP": 977.0,
    "TN": 0.0,
    "FP": 22610.0,
    "FN": 0.0,
    "threshold": -0.08354857969399807,
    "latency": 0.0
  },
  "bf_result": {
    "f1": 0.8766616935527917,
    "precision": 0.958687716176334,
    "recall": 0.807574198489517,
    "TP": 789.0,
    "TN": 22576.0,
    "FP": 34.0,
    "FN": 188.0,
    "threshold": 0.3593,
    "latency": 3.9998000099994995
  }
}