{
  "pred_args": {
    "model_name": "17032021_031410",
    "target_dims": null,
    "level": 0.9925,
    "q": 0.0001,
    "use_mov_av": false,
    "gamma": 1,
    "save_path": "output/SMD/2-2"
  },
  "pot_result": {
    "f1": 0.9871030113542159,
    "precision": 0.9745442002939655,
    "recall": 0.9999999964701729,
    "TP": 2833.0,
    "TN": 20693.0,
    "FP": 74.0,
    "FN": 0.0,
    "threshold": 0.0937892346303919,
    "latency": 36.63603058154017
  },
  "bf_result": {
    "f1": 0.9616037780666987,
    "precision": 0.9973454645531078,
    "recall": 0.9283445078420596,
    "TP": 2630.0,
    "TN": 20760.0,
    "FP": 7.0,
    "FN": 203.0,
    "threshold": 0.2096,
    "latency": 285.6634926278597
  }
}