{
  "pred_args": {
    "model_name": "17032021_030025",
    "target_dims": null,
    "level": 0.9925,
    "q": 0.001,
    "use_mov_av": false,
    "gamma": 1,
    "save_path": "output/SMD/2-1"
  },
  "pot_result": {
    "f1": 0.9163129861794623,
    "precision": 0.8975409762496641,
    "recall": 0.9358974278983127,
    "TP": 1095.0,
    "TN": 22299.0,
    "FP": 125.0,
    "FN": 75.0,
    "threshold": 0.11835741600563822,
    "latency": 7.499937500520829
  },
  "bf_result": {
    "f1": 0.926727692794063,
    "precision": 0.8634686283138847,
    "recall": 0.9999999914529916,
    "TP": 1170.0,
    "TN": 22239.0,
    "FP": 185.0,
    "FN": 0.0,
    "threshold": 0.10980000000000001,
    "latency": 7.153791124683656
  }
}