{
  "epsilon_results": {
    "f1": 0.8766553303682735,
    "precision": 0.8220640276845542,
    "recall": 0.9390243520721808,
    "TP": 231.0,
    "TN": 18587.0,
    "FP": 50.0,
    "FN": 15.0,
    "threshold": 0.22599740512669086,
    "latency": 11.999760004799905,
    "reg_level": 1.0
  },
  "pot_result": {
    "f1": 0.2577609953951024,
    "precision": 0.1480488129971184,
    "recall": 0.9954914247475977,
    "TP": 1104.0,
    "TN": 16141.0,
    "FP": 6353.0,
    "FN": 5.0,
    "threshold": 0.10118545906179331,
    "latency": 0.0
  },
  "bf_result": {
    "f1": 0.926968419015443,
    "precision": 0.8714285645124717,
    "recall": 0.9900811452652737,
    "TP": 1098.0,
    "TN": 22332.0,
    "FP": 162.0,
    "FN": 11.0,
    "threshold": 0.2096,
    "latency": 2.7499656254296823
  }
}