{
  "epsilon_result": {
    "f1": 0.8642460039669171,
    "precision": 0.9893438949031416,
    "recall": 0.7672407487261882,
    "TP": 41965.0,
    "TN": 372369.0,
    "FP": 452.0,
    "FN": 12731.0,
    "threshold": 0.7384457588195801,
    "latency": 195.75434763330634,
    "reg_level": 0.0
  },
  "pot_result": {
    "f1": 0.8421935865013548,
    "precision": 0.9944734874298049,
    "recall": 0.7303641946887589,
    "TP": 39948.0,
    "TN": 372599.0,
    "FP": 222.0,
    "FN": 14748.0,
    "threshold": 0.8954014006091787,
    "latency": 217.59956480087038
  },
  "bf_result": {
    "f1": 0.9042841995636156,
    "precision": 0.8805564215638435,
    "recall": 0.9293366972119831,
    "TP": 50831.0,
    "TN": 365926.0,
    "FP": 6895.0,
    "FN": 3865.0,
    "threshold": 0.3682000000000002,
    "latency": 81.95442128117988
  }
}