{
  "epsilon_results": {
    "f1": 0.22615447361378369,
    "precision": 0.12749516981651532,
    "recall": 0.9999999494949521,
    "TP": 198.0,
    "TN": 21324.0,
    "FP": 1355.0,
    "FN": 0.0,
    "threshold": 0.2363382950425148,
    "latency": 6.666444451851604,
    "reg_level": 1.0
  },
  "pot_result": {
    "f1": 0.013752728589097662,
    "precision": 0.006924045318602586,
    "recall": 0.9999999494949521,
    "TP": 198.0,
    "TN": 0.0,
    "FP": 28398.0,
    "FN": 0.0,
    "threshold": -0.0434661486680308,
    "latency": 0.0
  },
  "bf_result": {
    "f1": 0.9999949495199519,
    "precision": 0.9999999494949521,
    "recall": 0.9999999494949521,
    "TP": 198.0,
    "TN": 28398.0,
    "FP": 0.0,
    "FN": 0.0,
    "threshold": 0.3593,
    "latency": 23.665877804073197
  }
}