{
  "epsilon_results": {
    "f1": 0.41941626274909843,
    "precision": 0.2660338035053628,
    "recall": 0.9905172328403687,
    "TP": 1149.0,
    "TN": 18571.0,
    "FP": 3170.0,
    "FN": 11.0,
    "threshold": 0.18173117097467184,
    "latency": 56.55492716747592,
    "reg_level": 1.0
  },
  "pot_result": {
    "f1": 0.08007971411063863,
    "precision": 0.04171033324889599,
    "recall": 0.9999999916247907,
    "TP": 1194.0,
    "TN": 0.0,
    "FP": 27432.0,
    "FN": 0.0,
    "threshold": -0.03859259745090736,
    "latency": 0.0
  },
  "bf_result": {
    "f1": 0.4376190299680925,
    "precision": 0.9940652524016246,
    "recall": 0.28056951188802753,
    "TP": 335.0,
    "TN": 27430.0,
    "FP": 2.0,
    "FN": 859.0,
    "threshold": 0.2595,
    "latency": 22.799544009119817
  }
}