{
  "epsilon_results": {
    "f1": 0.03155702209776906,
    "precision": 0.01603162400787128,
    "recall": 0.999999931506854,
    "TP": 146.0,
    "TN": 13773.0,
    "FP": 8961.0,
    "FN": 0.0,
    "threshold": 0.1492233849130571,
    "latency": 0.0,
    "reg_level": 1.0
  },
  "pot_result": {
    "f1": 0.021308769380987327,
    "precision": 0.010769230765465303,
    "recall": 0.9999999675324687,
    "TP": 308.0,
    "TN": 0.0,
    "FP": 28292.0,
    "FN": 0.0,
    "threshold": -0.08815585561933141,
    "latency": 0.0
  },
  "bf_result": {
    "f1": 0.9081916920457972,
    "precision": 0.9172185126748837,
    "recall": 0.899350620150954,
    "TP": 277.0,
    "TN": 28267.0,
    "FP": 25.0,
    "FN": 31.0,
    "threshold": 0.2595,
    "latency": 37.33208893036898
  }
}