{
  "epsilon_results": {
    "f1": 0.8348944427651404,
    "precision": 0.9999999678456603,
    "recall": 0.7165898452398654,
    "TP": 311.0,
    "TN": 22450.0,
    "FP": 0.0,
    "FN": 123.0,
    "threshold": 0.22975370194762945,
    "latency": 73.992600739926,
    "reg_level": 1.0
  },
  "pot_result": {
    "f1": 0.9863586149013696,
    "precision": 0.973094148585333,
    "recall": 0.9999999769585259,
    "TP": 434.0,
    "TN": 28159.0,
    "FP": 12.0,
    "FN": 0.0,
    "threshold": 0.12425558885339252,
    "latency": 9.99980000399992
  },
  "bf_result": {
    "f1": 0.9884209031781555,
    "precision": 0.99302323272039,
    "recall": 0.983870945072098,
    "TP": 427.0,
    "TN": 28168.0,
    "FP": 3.0,
    "FN": 7.0,
    "threshold": 0.1597,
    "latency": 11.49971250718732
  }
}