{
  "pred_args": {
    "model_name": "17032021_072910",
    "target_dims": null,
    "level": 0.995,
    "q": 0.0001,
    "use_mov_av": false,
    "gamma": 1,
    "save_path": "output/SMD/3-10"
  },
  "pot_result": {
    "f1": 0.8749285314304835,
    "precision": 0.9879807573560005,
    "recall": 0.7851002790343813,
    "TP": 822.0,
    "TN": 22536.0,
    "FP": 10.0,
    "FN": 225.0,
    "threshold": 0.1674801205492724,
    "latency": 1.3332888903703208
  },
  "bf_result": {
    "f1": 0.8739982446413891,
    "precision": 0.9856114989734832,
    "recall": 0.7851002790343813,
    "TP": 822.0,
    "TN": 22534.0,
    "FP": 12.0,
    "FN": 225.0,
    "threshold": 0.1597,
    "latency": 1.3332888903703208
  }
}