{
  "pred_args": {
    "model_name": "26032021_170712",
    "target_dims": null,
    "level": 0.9999,
    "q": 0.0001,
    "use_mov_av": false,
    "gamma": 1,
    "save_path": "output/SMD/3-5"
  },
  "pot_result": {
    "f1": 0.9592275932608031,
    "precision": 0.9803921328335262,
    "recall": 0.9389671141087532,
    "TP": 400.0,
    "TN": 23157.0,
    "FP": 8.0,
    "FN": 26.0,
    "threshold": 0.30637457940230817,
    "latency": 38.99870004333189
  },
  "bf_result": {
    "f1": 0.9626905275825167,
    "precision": 0.9876542966011286,
    "recall": 0.9389671141087532,
    "TP": 400.0,
    "TN": 23160.0,
    "FP": 5.0,
    "FN": 26.0,
    "threshold": 0.3094,
    "latency": 38.99870004333189
  }
}