{
  "epsilon_results": {
    "f1": 0.6864819343250218,
    "precision": 0.9883268097927312,
    "recall": 0.5258799062964823,
    "TP": 254.0,
    "TN": 18390.0,
    "FP": 3.0,
    "FN": 229.0,
    "threshold": 0.23506077099591494,
    "latency": 41.33195560147995,
    "reg_level": 1.0
  },
  "pot_result": {
    "f1": 0.9049901041771933,
    "precision": 0.96450937443613,
    "recall": 0.8523985082583302,
    "TP": 462.0,
    "TN": 23035.0,
    "FP": 17.0,
    "FN": 80.0,
    "threshold": 0.185143655612254,
    "latency": 15.571206125626777
  },
  "bf_result": {
    "f1": 0.8833601905016312,
    "precision": 0.9166666484788364,
    "recall": 0.8523985082583302,
    "TP": 462.0,
    "TN": 23010.0,
    "FP": 42.0,
    "FN": 80.0,
    "threshold": 0.1597,
    "latency": 12.571248982157398
  }
}