{
  "pred_args": {
    "model_name": "17032021_020613",
    "target_dims": null,
    "level": 0.995,
    "q": 1e-05,
    "use_mov_av": false,
    "gamma": 1,
    "save_path": "output/SMD/1-5"
  },
  "pot_result": {
    "f1": 0.8928521205630717,
    "precision": 0.8064515478668106,
    "recall": 0.9999999000000099,
    "TP": 100.0,
    "TN": 23482.0,
    "FP": 24.0,
    "FN": 0.0,
    "threshold": 0.1414936088251753,
    "latency": 2.1428265310495567
  },
  "bf_result": {
    "f1": 0.9615333765052203,
    "precision": 0.9259258401920518,
    "recall": 0.9999999000000099,
    "TP": 100.0,
    "TN": 23498.0,
    "FP": 8.0,
    "FN": 0.0,
    "threshold": 0.2096,
    "latency": 2.5713918372594677
  }
}