{
  "epsilon_results": {
    "f1": 0.13102143772000316,
    "precision": 0.07010393308528232,
    "recall": 0.9999999854651165,
    "TP": 688.0,
    "TN": 9072.0,
    "FP": 9126.0,
    "FN": 0.0,
    "threshold": 0.057691616006195545,
    "latency": 0.545449586821938,
    "reg_level": 0.0
  },
  "pot_result": {
    "f1": 0.47707957342352114,
    "precision": 0.9541666269097239,
    "recall": 0.31805555113811734,
    "TP": 229.0,
    "TN": 22876.0,
    "FP": 11.0,
    "FN": 491.0,
    "threshold": 0.14899124931304902,
    "latency": 18.499691671805472
  },
  "bf_result": {
    "f1": 0.9587167001736822,
    "precision": 0.9207161007581062,
    "recall": 0.9999999861111113,
    "TP": 720.0,
    "TN": 22825.0,
    "FP": 62.0,
    "FN": 0.0,
    "threshold": 0.10980000000000001,
    "latency": 9.49992083399305
  }
}