{
  "epsilon_results": {
    "f1": 0.9339884174197155,
    "precision": 0.8769755163403299,
    "recall": 0.9989410483623683,
    "TP": 2830.0,
    "TN": 15650.0,
    "FP": 397.0,
    "FN": 3.0,
    "threshold": 0.2177274264395237,
    "latency": 1.4999850001499986,
    "reg_level": 1.0
  },
  "pot_result": {
    "f1": 0.6531368104535558,
    "precision": 0.48493666469541824,
    "recall": 0.9999999964701729,
    "TP": 2833.0,
    "TN": 17758.0,
    "FP": 3009.0,
    "FN": 0.0,
    "threshold": 0.1558485965040361,
    "latency": 0.454541322351615
  },
  "bf_result": {
    "f1": 0.9779348971305216,
    "precision": 0.9627222949291303,
    "recall": 0.9936463078233451,
    "TP": 2815.0,
    "TN": 20658.0,
    "FP": 109.0,
    "FN": 18.0,
    "threshold": 0.2595,
    "latency": 7.999911112098754
  }
}