{
  "pred_args": {
    "model_name": "26032021_143530",
    "target_dims": null,
    "level": 0.9925,
    "q": 0.0001,
    "use_mov_av": false,
    "gamma": 1,
    "save_path": "output/SMD/2-9"
  },
  "pot_result": {
    "f1": 0.9940476708672364,
    "precision": 0.9881756701116234,
    "recall": 0.9999999943019944,
    "TP": 1755.0,
    "TN": 26846.0,
    "FP": 21.0,
    "FN": 0.0,
    "threshold": 0.085506393931333,
    "latency": 20.999790002099978
  },
  "bf_result": {
    "f1": 0.9968708819433705,
    "precision": 0.9937712288008425,
    "recall": 0.9999999943019944,
    "TP": 1755.0,
    "TN": 26856.0,
    "FP": 11.0,
    "FN": 0.0,
    "threshold": 0.10980000000000001,
    "latency": 46.899531004689955
  }
}