{
  "pred_args": {
    "model_name": "17032021_015244",
    "target_dims": null,
    "level": 0.95,
    "q": 0.001,
    "use_mov_av": false,
    "gamma": 1,
    "save_path": "output/SMD/1-4"
  },
  "pot_result": {
    "f1": 0.6335196431013418,
    "precision": 0.463618799332783,
    "recall": 0.9999999861111113,
    "TP": 720.0,
    "TN": 22054.0,
    "FP": 833.0,
    "FN": 0.0,
    "threshold": 0.08062888625029307,
    "latency": 8.749927083940968
  },
  "bf_result": {
    "f1": 0.5172375409023724,
    "precision": 0.3488372076122228,
    "recall": 0.9999999861111113,
    "TP": 720.0,
    "TN": 21543.0,
    "FP": 1344.0,
    "FN": 0.0,
    "threshold": 0.0599,
    "latency": 4.416629861417822
  }
}